*M*
  1100.00000   -10.00000    -0.50000     1.00000     0.20000  2221    50.0

3000
3131
3046
3043
3077
3005
3038
3040
2938
3034
3042
2953
3069
3044
3079
2975
2939
3024
3118
3024
3076
2994
2987
3030
3099
3021
3055
2865
2941
3117
3031
2969
2932
3061
3058
2940
2934
2989
3046
2926
2980
3049
3002
2923
2900
2950
2912
3027
2947
2963
3005
2987
3006
2981
2965
2956
3090
2964
3027
2937
2941
2937
2905
2888
3015
2947
2948
3043
2980
2969
2927
2989
2942
2914
2922
2974
2995
2989
3060
3085
3063
2917
2888
3046
2994
2911
2880
2988
2982
2978
2986
2982
3035
3040
2994
3025
2993
3005
3000
2971
3012
3049
3029
3030
2994
2984
2925
2998
2967
2983
2980
3036
3030
3073
2985
2899
3076
2928
3148
3088
3175
3136
3072
3063
3132
3070
3133
3073
3092
3117
3044
3020
3063
3113
3116
3088
3092
3132
3128
3112
2988
3056
3003
3188
3117
3072
3161
3197
3043
3124
3148
3234
3131
3294
3180
3259
3312
3249
3296
3224
3217
3327
3186
3241
3257
3336
3355
3335
3319
3316
3433
3281
3289
3247
3297
3328
3335
3283
3330
3286
3262
3241
3380
3141
3335
3319
3353
3486
3424
3435
3487
3455
3566
3577
3522
3709
3720
3792
3809
3808
3810
3782
3664
3726
3601
3528
3533
3431
3647
3418
3465
3488
3238
3351
3364
3330
3312
3239
3206
3244
3219
3411
3329
3362
3430
3441
3343
3363
3338
3484
3545
3715
3791
4033
4102
4249
4237
4431
4610
4804
4777
5009
5034
4823
4749
4394
4054
4156
3832
3816
3665
3434
3425
3338
3148
3075
3053
2970
2831
2800
2764
2763
2654
2545
2555
2548
2321
2448
2376
2352
2288
2403
2360
2317
2280
2254
2324
2259
2193
2330
2328
2187
2229
2217
2253
2276
2264
2232
2156
2247
2166
2216
2186
2234
2284
2239
2252
2161
2256
2320
2217
2201
2166
2197
2140
2243
2178
2255
2280
2182
2226
2162
2198
2182
2183
2163
2246
2190
2199
2176
2122
2267
2125
2264
2101
2132
2121
2295
2144
2234
2111
2167
2237
2192
2131
2263
2210
2295
2125
2185
2137
2132
2153
2178
2135
2129
2086
2171
2106
2166
2165
2102
2159
2101
2177
2107
2199
2156
2113
2095
2079
2063
2136
2145
2165
2123
2103
2123
2077
2097
2196
2166
2140
2130
2139
2119
2095
2096
2079
2031
2081
2040
2068
2030
2029
2201
2103
2174
2050
2100
2054
2101
2072
2168
2043
2077
2115
2070
2129
2142
2082
2050
2083
2037
2138
2079
2080
2074
2081
2076
2040
2065
2087
2012
2035
2055
2005
2050
2101
2037
2102
1958
2085
1995
2069
1960
2032
1996
1967
2000
2024
1986
2030
2061
1942
2059
1963
1981
2053
2065
2030
2020
2047
1993
2062
2068
1987
1997
1970
1989
1877
2023
1981
2010
2008
2002
1984
1896
1999
1916
1905
2023
2105
2044
1931
1981
1951
1969
2101
1994
2038
2016
1957
1971
1975
1992
2041
2024
1959
1983
1992
1953
2007
1908
1966
2037
2037
2042
1910
1913
1963
1976
1980
2009
1999
1839
1970
2003
1962
1881
1984
1983
2040
1935
1983
2009
2009
1904
1903
1921
2009
1954
1979
1989
1988
1991
1919
1946
1982
1879
1839
1912
1913
1939
1952
1992
1915
1977
2020
1945
1933
2012
1963
2034
1932
2031
1920
1956
1994
1937
2023
1936
1954
2042
1920
1917
1927
1872
1862
1946
1938
1929
1954
2000
1870
1915
1940
1879
1947
1930
1914
1916
1917
1987
1947
1905
1961
1966
1992
1996
1921
1955
1931
1920
1949
1941
2047
1900
1906
1886
1881
1927
1907
1923
1869
1939
1835
1914
2023
1990
1958
1901
1954
1959
1868
1972
1912
1920
1880
1931
1891
1930
1860
1936
1874
1952
1881
2025
1915
1946
1824
1897
1903
1968
1884
1913
1902
1875
1926
1870
1975
1941
1936
1925
1894
1918
1888
1909
1880
1940
1895
1898
1883
1857
1874
1955
1891
1929
1855
1903
1917
1916
1879
1921
1976
1913
1930
1920
1874
1894
1834
1963
1866
1875
1891
1920
1844
1947
1864
1901
1876
1872
1869
1883
1843
1907
1924
1953
1928
1895
1952
1893
1996
1876
1934
1920
1908
1902
1990
1886
1818
1843
1929
1845
1892
1858
1865
1906
1878
1832
1867
1866
1884
1873
1823
1877
1909
1961
1847
1865
1842
1811
1792
1756
1841
1786
1888
1847
1838
1852
1784
1785
1835
1782
1806
1828
1853
1843
1770
1804
1809
1793
1752
1866
1832
1784
1718
1789
1737
1836
1821
1796
1788
1792
1744
1778
1821
1750
1757
1723
1861
1850
1786
1776
1810
1749
1837
1821
1829
1837
1807
1798
1755
1801
1824
1815
1782
1701
1828
1821
1806
1811
1815
1743
1779
1808
1830
1827
1815
1750
1738
1791
1822
1840
1850
1803
1825
1784
1821
1789
1868
1782
1720
1857
1815
1791
1733
1772
1827
1809
1701
1764
1814
1829
1751
1774
1773
1756
1800
1743
1769
1735
1783
1834
1780
1773
1784
1833
1741
1794
1729
1756
1801
1839
1795
1807
1779
1707
1711
1900
1901
1877
1870
1830
1803
1892
1829
1759
1789
1818
1798
1734
1858
1759
1801
1790
1798
1816
1821
1808
1842
1811
1838
1836
1718
1835
1832
1800
1726
1789
1847
1836
1740
1844
1786
1765
1827
1834
1790
1768
1823
1838
1816
1741
1830
1841
1782
1787
1769
1766
1770
1795
1824
1801
1775
1744
1842
1821
1792
1788
1853
1839
1816
1708
1806
1807
1775
1734
1805
1797
1868
1780
1853
1784
1848
1806
1791
1793
1861
1734
1799
1807
1868
1885
1775
1861
1907
1866
1865
1806
1831
1907
1920
1890
1893
1962
1858
1891
1882
1853
1862
1821
1773
1933
1886
1747
1806
1823
1846
1828
1807
1784
1759
1853
1821
1845
1773
1834
1781
1685
1719
1776
1848
1785
1791
1845
1712
1764
1782
1872
1793
1726
1800
1788
1773
1799
1779
1788
1821
1840
1757
1831
1703
1801
1829
1751
1761
1820
1773
1779
1778
1753
1814
1816
1827
1802
1783
1762
1856
1827
1774
1755
1808
1851
1832
1829
1794
1798
1879
1768
1785
1762
1816
1822
1804
1806
1818
1814
1865
1815
1769
1843
1837
1887
2042
1876
1921
1944
1833
1756
1916
1900
1844
1780
1895
1841
1876
1878
1837
1929
1901
1872
1953
1944
1887
1954
1880
1958
1929
1921
1875
1952
1870
1923
1876
2000
1948
1911
2030
1902
1926
1924
1983
1915
1948
1955
1911
1967
1889
2017
2006
1973
1995
2023
1911
1934
2019
2052
1940
1972
2071
1992
2074
2020
2038
1943
2045
2014
2057
1948
2005
2060
2015
2037
2052
2129
2125
2086
2091
2045
2164
2189
2108
2185
2223
2103
2249
2080
2084
2146
2179
2247
2218
2200
2172
2070
2124
2169
2143
2128
2112
2185
2181
2263
2350
2345
2386
2328
2298
2317
2268
2072
2139
1961
1960
1959
1834
1818
1856
1779
1772
1759
1746
1695
1754
1757
1687
1813
1875
1875
2113
2805
3988
5828
7674
8076
6962
4848
3138
2326
1923
1748
1638
1673
1652
1621
1656
1540
1536
1573
1632
1704
1732
1917
1966
1976
1886
1853
1793
1725
1653
1598
1564
1536
1528
1518
1533
1429
1539
1449
1469
1492
1480
1468
1521
1549
1461
1460
1504
1523
1533
1519
1497
1492
1479
1482
1429
1443
1412
1505
1472
1472
1494
1453
1393
1489
1477
1517
1495
1448
1495
1572
1438
1485
1410
1503
1450
1440
1422
1471
1441
1454
1431
1467
1489
1517
1502
1439
1502
1436
1448
1426
1492
1447
1457
1472
1503
1510
1427
1462
1461
1417
1505
1440
1465
1510
1458
1468
1455
1515
1419
1499
1596
1405
1440
1470
1520
1420
1459
1455
1508
1503
1481
1472
1504
1465
1526
1438
1419
1475
1490
1474
1463
1426
1504
1461
1512
1519
1485
1480
1484
1522
1518
1547
1552
1598
1522
1547
1523
1535
1453
1513
1536
1556
1543
1470
1483
1502
1506
1527
1530
1459
1454
1548
1389
1466
1520
1533
1497
1536
1467
1475
1551
1492
1470
1487
1422
1485
1501
1520
1491
1540
1540
1376
1503
1503
1473
1551
1475
1569
1545
1504
1451
1543
1489
1480
1543
1611
1478
1514
1463
1513
1493
1529
1551
1466
1529
1553
1554
1544
1626
1551
1529
1501
1533
1518
1515
1535
1570
1553
1515
1566
1557
1576
1607
1508
1546
1486
1565
1580
1514
1480
1575
1571
1566
1465
1614
1609
1592
1628
1516
1619
1571
1595
1662
1531
1634
1622
1536
1604
1628
1538
1606
1645
1571
1560
1576
1536
1604
1568
1565
1653
1611
1636
1672
1629
1607
1639
1584
1656
1655
1648
1639
1643
1679
1639
1601
1719
1627
1632
1676
1673
1636
1652
1691
1791
1655
1710
1662
1645
1728
1710
1713
1733
1693
1707
1664
1697
1703
1708
1705
1652
1696
1703
1692
1714
1712
1735
1737
1711
1727
1748
1817
1729
1675
1743
1759
1709
1774
1720
1774
1727
1740
1735
1655
1762
1750
1812
1716
1754
1706
1735
1731
1745
1799
1758
1751
1805
1787
1786
1798
1767
1785
1837
1727
1849
1797
1828
1828
1795
1913
1895
1837
1928
1980
1947
1972
2023
2203
2137
2242
2318
2507
2403
2391
2486
2374
2106
2126
1952
1943
1943
1850
1815
1786
1745
1738
1696
1718
1752
1652
1667
1630
1719
1707
1644
1672
1626
1730
1738
1783
1731
1864
1884
1978
2146
2280
2334
2390
2616
2589
2479
2251
2186
2022
1930
1823
1699
1625
1570
1487
1467
1470
1446
1506
1405
1394
1368
1364
1384
1397
1360
1380
1374
1401
1331
1347
1308
1311
1307
1278
1226
1289
1230
1271
1299
1329
1336
1228
1262
1249
1260
1248
1267
1241
1270
1252
1235
1198
1185
1206
1286
1263
1239
1215
1249
1238
1239
1207
1270
1236
1240
1200
1172
1272
1131
1269
1199
1239
1202
1169
1250
1214
1131
1232
1271
1237
1249
1180
1281
1290
1292
1275
1259
1233
1152
1205
1205
1236
1140
1220
1255
1204
1215
1188
1269
1234
1252
1328
1299
1357
1345
1332
1293
1312
1262
1354
1239
1243
1228
1233
1196
1201
1276
1110
1216
1228
1174
1270
1197
1213
1230
1236
1213
1250
1280
1199
1229
1249
1180
1219
1177
1216
1192
1284
1260
1204
1224
1234
1240
1214
1178
1262
1252
1257
1287
1195
1271
1177
1208
1244
1211
1239
1255
1272
1198
1286
1206
1220
1217
1279
1217
1237
1241
1254
1302
1232
1230
1316
1239
1235
1294
1226
1253
1226
1238
1306
1263
1229
1222
1273
1261
1271
1243
1226
1214
1306
1280
1226
1227
1271
1314
1273
1297
1220
1271
1293
1247
1275
1324
1260
1296
1338
1254
1275
1260
1239
1321
1277
1245
1341
1314
1285
1325
1227
1339
1251
1321
1313
1290
1329
1275
1302
1380
1385
1306
1323
1429
1346
1340
1329
1359
1372
1353
1263
1340
1350
1362
1308
1262
1365
1301
1343
1294
1268
1342
1391
1362
1384
1368
1345
1402
1374
1381
1370
1392
1383
1481
1366
1388
1427
1389
1477
1431
1472
1457
1404
1468
1413
1395
1395
1433
1407
1434
1366
1419
1384
1371
1433
1413
1420
1384
1387
1462
1408
1445
1394
1391
1411
1465
1521
1469
1420
1473
1491
1509
1539
1531
1516
1509
1543
1552
1510
1503
1576
1536
1517
1456
1449
1512
1449
1486
1458
1448
1411
1456
1474
1416
1451
1399
1420
1484
1498
1450
1420
1475
1526
1537
1558
1488
1608
1611
1642
1735
1767
1821
1672
1719
1628
1612
1471
1491
1424
1440
1358
1341
1328
1300
1265
1349
1275
1268
1332
1288
1355
1334
1424
1432
1524
1566
1811
1904
1930
1866
1757
1687
1900
2042
2468
2821
2825
2492
1979
1546
1355
1254
1168
1218
1205
1184
1172
1213
1147
1180
1169
1165
1139
1176
1216
1293
1234
1224
1231
1191
1255
1158
1237
1190
1224
1148
1198
1178
1180
1253
1169
1215
1203
1148
1167
1185
1140
1131
1203
1085
1119
1072
1108
1123
1092
1071
1148
1125
1183
1147
1137
1152
1137
1186
1130
1138
1233
1250
1244
1211
1377
1423
1286
1451
1386
1406
1339
1283
1333
1210
1165
1156
1107
1112
1058
1121
1068
1038
1076
1055
1053
1094
1061
1066
1005
1076
1165
1295
1520
1637
1689
1472
1302
1166
1187
1292
1736
2306
2596
2352
1657
1074
868
810
831
791
765
748
779
807
828
762
773
779
802
844
956
1192
1574
2020
2637
2852
2351
1684
1329
1523
1891
2731
3148
2771
1866
1083
732
621
519
519
448
469
554
567
573
568
509
507
538
554
561
569
629
549
529
491
482
464
402
385
367
349
354
360
329
341
337
324
341
339
325
374
360
374
352
349
311
354
358
371
369
352
385
362
401
416
415
368
394
423
408
349
332
324
333
336
334
294
299
328
321
303
334
317
313
305
322
325
318
331
297
314
292
289
309
314
329
302
296
305
332
293
306
242
288
310
302
323
270
301
328
298
318
330
288
319
322
326
317
345
342
325
298
385
390
396
399
390
410
381
466
401
386
346
339
300
291
325
290
274
282
303
348
304
298
314
284
273
299
276
328
319
351
297
276
270
286
283
312
308
282
318
345
341
419
403
473
520
551
507
494
501
503
474
483
436
357
353
274
244
230
262
196
204
220
217
177
222
208
226
190
221
184
206
217
213
213
225
214
216
205
   110.00000    95.00000    -0.10000    10.00000     0.20000   151    50.0

-27
72
-45
40
83
-9
-88
-103
-142
-149
-164
-103
-120
-89
-128
-122
-173
-101
-120
-145
-175
-159
-128
-229
-233
-258
-164
-236
-265
-278
-283
-242
-238
-302
-223
-185
-184
-240
-273
-252
-194
-126
-126
-74
-84
26
90
155
314
415
592
915
1239
1520
1786
2197
2503
2921
3452
3958
4468
4935
5377
5866
6218
6652
6816
6976
7110
7081
7042
6814
6632
6279
5939
5515
5172
4763
4389
4014
3583
3279
2950
2708
2440
2238
2065
1942
1976
1988
1926
2080
2272
2495
2804
3213
3783
4456
5382
6409
7480
8757
10144
11697
13229
14693
16157
17443
18737
19739
20326
20498
20524
20177
19427
18426
17122
15514
13721
12010
10355
8816
7366
6065
4869
3877
3088
2396
1910
1565
1282
1080
943
788
650
474
499
374
335
211
134
84
107
105
49
10
5
10
-7
34
-27
    95.00000    80.00000    -0.10000    10.00000     0.20000   151    50.0

262
-117
-144
-202
-128
-66
-12
2
15
17
-85
-109
29
143
178
203
189
117
64
12
50
84
8
-6
23
-5
-2
-9
-27
-40
-72
-82
-131
-104
-27
6
1
21
29
149
187
333
400
572
659
839
1015
1181
1547
1818
2170
2482
2872
3279
3873
4483
5216
5781
6547
7244
8171
9197
10194
11233
12448
13673
14867
16367
17592
19037
20137
21279
22155
22940
23552
23821
23748
23360
22629
21685
20476
19207
17712
16125
14565
13023
11753
10643
9634
8818
8313
8025
8013
8238
8486
8973
9796
10657
11754
13091
14432
15933
17411
19164
20764
22566
24256
25789
27193
28376
29098
29588
29466
29136
28253
27296
25725
23822
21709
19486
17316
15096
13158
11165
9398
7801
6523
5393
4451
3572
2943
2404
1991
1681
1368
1169
963
835
657
517
408
348
251
179
122
89
20
0
9
-55
46
    13.00000    -2.00000    -0.10000    40.00000     0.20000   151    50.0

49
-23
-25
-36
-48
-55
-51
-43
-144
-123
-126
-122
-192
-226
-254
-252
-195
-105
-233
-226
-212
-110
-112
-110
-176
-208
-275
-268
-254
-191
-115
-47
-72
6
109
191
257
347
326
432
665
758
980
1047
1323
1523
1751
1950
2217
2423
2846
3209
3603
4032
4459
4919
5450
6007
6522
7100
7710
8255
8801
9301
9770
10125
10445
10767
10990
11066
11159
11311
11257
11304
11213
11170
10945
10933
10966
10949
10881
10869
10876
10993
11091
11268
11472
11582
11681
11882
12013
12208
12336
12424
12477
12512
12447
12374
12295
12044
11871
11671
11346
11017
10790
10372
10040
9645
9195
8692
8228
7703
7197
6803
6361
5783
5207
4758
4330
3943
3537
3300
2921
2561
2249
2028
1840
1653
1488
1363
1194
1032
862
719
602
466
385
251
130
71
4
-43
-90
-37
-65
-46
-47
-141
-12
1
10
   295.00000   280.00000    -0.10000    10.00000     0.20000   151    50.0

41
-39
-1
49
85
74
69
51
101
110
147
130
174
79
75
12
-7
96
128
183
107
42
-25
-33
17
-1
28
40
101
112
133
122
114
63
87
48
42
52
111
88
105
45
57
54
106
164
269
224
174
225
208
172
107
13
40
109
115
100
70
80
169
207
217
187
177
148
187
145
194
172
149
256
375
264
299
304
336
422
433
453
493
413
510
483
527
427
492
592
710
699
795
861
925
1046
1151
1276
1348
1407
1503
1470
1587
1683
1668
1601
1616
1662
1707
1628
1507
1506
1460
1464
1479
1341
1342
1302
1281
1241
1320
1300
1215
1209
1101
1149
1055
897
911
848
850
773
756
634
558
508
434
399
402
375
343
369
271
164
186
231
183
177
112
27
60
-148
89
